0;0;0;1;483;299
0;0;0;1;475;297
0;0;0;1;470;296
0;0;0;1;465;295
0;0;0;1;457;294
0;0;0;1;452;293
0;0;0;1;443;292
0;0;0;1;434;291
0;0;0;1;427;290
0;0;0;1;421;289
0;0;0;1;407;288
0;0;0;1;344;289
0;0;0;1;340;290
0;0;0;1;330;291
0;0;0;1;327;292
0;0;0;1;324;293
0;0;0;1;318;294
0;0;0;1;315;295
0;0;0;1;312;296
0;0;0;1;309;297
0;0;0;1;307;298
0;0;0;1;305;299
0;0;0;1;302;300
0;0;0;1;300;301
0;0;0;1;297;303
0;0;0;1;295;304
0;0;0;1;294;305
0;0;0;1;291;307
0;0;0;1;290;308
0;0;0;1;288;310
0;0;0;1;286;311
0;0;0;1;284;313
0;0;0;1;283;314
0;0;0;1;282;316
0;0;0;1;280;317
0;0;0;1;279;319
0;0;0;1;278;321
0;0;0;1;277;323
0;0;0;1;276;325
0;0;0;1;275;327
0;0;0;1;274;330
0;0;0;1;273;332
0;0;0;1;272;339
0;0;0;1;273;354
0;0;0;1;274;357
0;0;0;1;275;360
0;0;0;1;276;362
0;0;0;1;277;366
0;0;0;1;279;368
0;0;0;1;280;372
0;0;0;1;282;374
0;0;0;1;284;377
0;0;0;1;286;380
0;0;0;1;289;383
0;0;0;1;292;386
0;0;0;1;294;389
0;0;0;1;297;392
0;0;0;1;301;396
0;0;0;1;304;399
0;0;0;1;308;402
0;0;0;1;312;405
0;0;0;1;317;409
0;0;0;1;321;412
0;0;0;1;325;414
0;0;0;1;331;418
0;0;0;1;335;421
0;0;0;1;342;425
0;0;0;1;347;427
0;0;0;1;352;430
0;0;0;1;359;433
0;0;0;1;365;436
0;0;0;1;373;439
0;0;0;1;380;442
0;0;0;1;388;445
0;0;0;1;395;447
0;0;0;1;402;450
0;0;0;1;411;453
0;0;0;1;418;455
0;0;0;1;428;458
0;0;0;1;435;460
0;0;0;1;444;462
0;0;0;1;454;465
0;0;0;1;462;467
0;0;0;1;472;469
0;0;0;1;481;471
0;0;0;1;489;473
0;0;0;1;500;475
0;0;0;1;509;477
0;0;0;1;520;480
0;0;0;1;529;481
0;0;0;1;539;482
0;0;0;1;550;484
0;0;0;1;560;485
0;0;0;1;571;487
0;0;0;1;581;488
0;0;0;1;602;489
0;0;0;1;611;490
0;0;0;1;644;491
0;0;0;1;716;490
0;0;0;1;725;489
0;0;0;1;745;488
0;0;0;1;753;487
0;0;0;1;764;485
0;0;0;1;773;484
0;0;0;1;781;483
0;0;0;1;791;481
0;0;0;1;798;479
0;0;0;1;808;477
0;0;0;1;815;475
0;0;0;1;823;473
0;0;0;1;831;470
0;0;0;1;837;468
0;0;0;1;845;465
0;0;0;1;851;463
0;0;0;1;858;459
0;0;0;1;863;457
0;0;0;1;868;454
0;0;0;1;873;451
0;0;0;1;877;448
0;0;0;1;882;445
0;0;0;1;885;442
0;0;0;1;889;439
0;0;0;1;891;436
0;0;0;1;893;433
0;0;0;1;895;429
0;0;0;1;897;427
0;0;0;1;898;423
0;0;0;1;899;417
0;0;0;1;898;404
0;0;0;1;896;399
0;0;0;1;895;396
0;0;0;1;893;393
0;0;0;1;890;389
0;0;0;1;887;385
0;0;0;1;884;381
0;0;0;1;881;378
0;0;0;1;877;374
0;0;0;1;873;370
0;0;0;1;869;366
0;0;0;1;864;362
0;0;0;1;859;358
0;0;0;1;854;355
0;0;0;1;847;350
0;0;0;1;842;347
0;0;0;1;834;342
0;0;0;1;828;339
0;0;0;1;822;335
0;0;0;1;813;331
0;0;0;1;806;328
0;0;0;1;797;324
0;0;0;1;790;321
0;0;0;1;782;317
0;0;0;1;772;313
0;0;0;1;764;310
0;0;0;1;753;307
0;0;0;1;744;304
0;0;0;1;733;300
0;0;0;1;724;298
0;0;0;1;715;295
0;0;0;1;703;292
0;0;0;1;693;290
0;0;0;1;681;287
0;0;0;1;672;285
0;0;0;1;662;282
0;0;0;1;649;280
0;0;0;1;639;279
0;0;0;1;627;276
0;0;0;1;617;275
0;0;0;1;604;273
0;0;0;1;594;271
0;0;0;1;584;270
0;0;0;1;572;269
0;0;0;1;561;268
0;0;0;1;549;266
0;0;0;1;526;265
0;0;0;1;515;264
0;0;0;1;506;263
0;0;0;1;484;262
0;0;0;1;406;263
0;0;0;1;399;264
0;0;0;1;383;265
0;0;0;1;376;267
0;0;0;1;368;268
0;0;0;1;362;269
0;0;0;1;356;270
0;0;0;1;350;272
0;0;0;1;344;273
0;0;0;1;338;275
0;0;0;1;334;276
0;0;0;1;330;278
0;0;0;1;325;279
0;0;0;1;322;281
0;0;0;1;318;283
0;0;0;1;315;285
0;0;0;1;313;287
0;0;0;1;310;289
0;0;0;1;309;291
0;0;0;1;307;293
0;0;0;1;306;295
0;0;0;1;305;298
0;0;0;1;304;300
0;0;0;1;305;315
0;0;0;1;307;317
0;0;0;1;308;320
0;0;0;1;310;323
0;0;0;1;312;326
0;0;0;1;314;328
0;0;0;1;317;331
0;0;0;1;320;334
0;0;0;1;323;337
0;0;0;1;327;340
0;0;0;1;330;342
0;0;0;1;334;345
0;0;0;1;339;348
0;0;0;1;343;351
0;0;0;1;349;354
0;0;0;1;354;356
0;0;0;1;359;359
0;0;0;1;366;362
0;0;0;1;372;365
0;0;0;1;380;368
0;0;0;1;386;371
0;0;0;1;394;374
0;0;0;1;401;376
0;0;0;1;408;378
0;0;0;1;418;381
0;0;0;1;425;383
0;0;0;1;436;386
0;0;0;1;444;388
0;0;0;1;455;391
0;0;0;1;463;393
0;0;0;1;472;394
0;0;0;1;483;397
0;0;0;1;493;399
0;0;0;1;505;401
0;0;0;1;514;402
0;0;0;1;524;404
0;0;0;1;537;406
0;0;0;1;547;407
0;0;0;1;560;409
0;0;0;1;571;410
0;0;0;1;581;411
0;0;0;1;594;412
0;0;0;1;605;413
0;0;0;1;619;415
0;0;0;1;644;417
0;0;0;1;666;418
0;0;0;1;692;419
0;0;0;1;731;420
0;0;0;1;791;419
0;0;0;1;825;418
0;0;0;1;848;417
0;0;0;1;857;416
0;0;0;1;867;415
0;0;0;1;878;414
0;0;0;1;887;413
0;0;0;1;898;412
0;0;0;1;906;410
0;0;0;1;916;409
0;0;0;1;924;408
0;0;0;1;931;407
0;0;0;1;939;405
0;0;0;1;946;403
0;0;0;1;953;401
0;0;0;1;958;400
0;0;0;1;965;398
0;0;0;1;970;396
0;0;0;1;974;394
0;0;0;1;979;392
0;0;0;1;982;391
0;0;0;1;986;388
0;0;0;1;988;387
0;0;0;1;990;385
0;0;0;1;992;383
0;0;0;1;994;381
0;0;0;1;995;379
0;0;0;1;996;377
0;0;0;1;995;367
0;0;0;1;994;365
0;0;0;1;992;363
0;0;0;1;991;361
0;0;0;1;989;358
0;0;0;1;987;356
0;0;0;1;984;353
0;0;0;1;981;351
0;0;0;1;978;348
0;0;0;1;974;346
0;0;0;1;970;344
0;0;0;1;966;341
0;0;0;1;962;339
0;0;0;1;956;336
0;0;0;1;951;334
0;0;0;1;946;332
0;0;0;1;940;330
0;0;0;1;934;328
0;0;0;1;927;325
0;0;0;1;920;323
0;0;0;1;914;321
0;0;0;1;905;319
0;0;0;1;898;317
0;0;0;1;891;316
0;0;0;1;882;314
0;0;0;1;874;312
0;0;0;1;864;310
0;0;0;1;856;309
0;0;0;1;845;307
0;0;0;1;837;306
0;0;0;1;826;304
0;0;0;1;817;303
0;0;0;1;808;302
0;0;0;1;796;301
0;0;0;1;787;300
0;0;0;1;775;299
0;0;0;1;765;298
0;0;0;1;743;297
0;0;0;1;733;296
0;0;0;1;711;295
0;0;0;1;698;294
0;0;0;1;666;293
0;0;0;1;633;292
0;0;0;1;511;293
0;0;0;1;491;294
0;0;0;1;482;295
0;0;0;1;463;296
0;0;0;1;454;297
0;0;0;1;446;298
0;0;0;1;437;300
0;0;0;1;430;301
0;0;0;1;421;302
0;0;0;1;414;304
0;0;0;1;406;306
0;0;0;1;400;307
0;0;0;1;395;309
0;0;0;1;388;311
0;0;0;1;383;312
0;0;0;1;377;314
0;0;0;1;373;316
0;0;0;1;369;319
0;0;0;1;366;321
0;0;0;1;363;323
0;0;0;1;359;326
0;0;0;1;357;328
0;0;0;1;354;330
0;0;0;1;352;332
0;0;0;1;351;335
0;0;0;1;350;337
0;0;0;1;349;340
0;0;0;1;348;345
0;0;0;1;349;357
0;0;0;1;351;362
0;0;0;1;352;366
0;0;0;1;354;368
0;0;0;1;356;372
0;0;0;1;358;375
0;0;0;1;361;379
0;0;0;1;363;382
0;0;0;1;366;386
0;0;0;1;369;389
0;0;0;1;372;392
0;0;0;1;377;396
0;0;0;1;380;400
0;0;0;1;385;404
0;0;0;1;389;407
0;0;0;1;394;411
0;0;0;1;399;415
0;0;0;1;404;419
0;0;0;1;411;423
0;0;0;1;416;426
0;0;0;1;423;431
0;0;0;1;429;434
0;0;0;1;435;438
0;0;0;1;443;442
0;0;0;1;450;446
0;0;0;1;457;450
0;0;0;1;466;454
0;0;0;1;473;457
0;0;0;1;482;462
0;0;0;1;490;465
0;0;0;1;500;470
0;0;0;1;508;473
0;0;0;1;516;477
0;0;0;1;526;481
0;0;0;1;535;484
0;0;0;1;546;488
0;0;0;1;554;491
0;0;0;1;566;495
0;0;0;1;574;498
0;0;0;1;583;502
0;0;0;1;595;505
0;0;0;1;604;508
0;0;0;1;616;512
0;0;0;1;626;515
0;0;0;1;637;518
0;0;0;1;647;521
0;0;0;1;657;524
0;0;0;1;669;527
0;0;0;1;678;529
0;0;0;1;690;532
0;0;0;1;700;535
0;0;0;1;709;537
0;0;0;1;721;540
0;0;0;1;731;542
0;0;0;1;740;545
0;0;0;1;752;547
0;0;0;1;761;549
0;0;0;1;772;552
0;0;0;1;781;554
0;0;0;1;792;556
0;0;0;1;801;558
0;0;0;1;809;560
0;0;0;1;820;561
0;0;0;1;828;563
0;0;0;1;838;565
0;0;0;1;846;566
0;0;0;1;855;568
0;0;0;1;862;569
0;0;0;1;870;570
0;0;0;1;878;571
0;0;0;1;884;572
0;0;0;1;892;573
0;0;0;1;898;574
0;0;0;1;910;575
0;0;0;1;915;576
0;0;0;1;926;577
0;0;0;1;941;578
0;0;0;1;951;575
0;0;0;1;950;574
0;0;0;1;947;573
0;0;0;1;946;572
0;0;0;1;944;571
0;0;0;1;942;570
0;0;0;1;940;569
0;0;0;1;937;567
0;0;0;1;935;566
0;0;0;1;932;565
0;0;0;1;929;564
0;0;0;1;926;562
0;0;0;1;922;560
0;0;0;1;918;559
0;0;0;1;914;558
0;0;0;1;910;556
0;0;0;1;906;555
0;0;0;1;901;553
0;0;0;1;897;551
0;0;0;1;891;549
0;0;0;1;886;547
0;0;0;1;882;545
0;0;0;1;875;543
0;0;0;1;870;541
0;0;0;1;863;539
0;0;0;1;858;537
0;0;0;1;853;535
0;0;0;1;846;533
0;0;0;1;840;531
0;0;0;1;833;528
0;0;0;1;827;526
0;0;0;1;819;524
0;0;0;1;814;522
0;0;0;1;808;520
0;0;0;1;800;517
0;0;0;1;794;515
0;0;0;1;786;512
0;0;0;1;780;509
0;0;0;1;773;506
0;0;0;1;767;504
0;0;0;1;761;501
0;0;0;1;753;498
0;0;0;1;747;496
0;0;0;1;741;493
0;0;0;1;734;490
0;0;0;1;728;488
0;0;0;1;721;485
0;0;0;1;715;482
0;0;0;1;707;479
0;0;0;1;702;476
0;0;0;1;696;473
0;0;0;1;689;470
0;0;0;1;683;467
0;0;0;1;677;464
0;0;0;1;671;461
0;0;0;1;666;458
0;0;0;1;660;454
0;0;0;1;654;452
0;0;0;1;648;448
0;0;0;1;643;445
0;0;0;1;637;442
0;0;0;1;633;439
0;0;0;1;628;436
0;0;0;1;623;433
0;0;0;1;619;430
0;0;0;1;614;427
0;0;0;1;610;424
0;0;0;1;605;421
0;0;0;1;602;418
0;0;0;1;599;416
0;0;0;1;595;413
0;0;0;1;592;411
0;0;0;1;589;408
0;0;0;1;587;406
0;0;0;1;585;404
0;0;0;1;583;401
0;0;0;1;581;399
0;0;0;1;580;397
0;0;0;1;579;395
0;0;0;1;578;393
0;0;0;1;577;391
0;0;0;1;576;389
0;0;0;1;577;379
0;0;0;1;578;377
0;0;0;1;579;375
0;0;0;1;580;373
0;0;0;1;581;372
0;0;0;1;583;370
0;0;0;1;585;369
0;0;0;1;587;366
0;0;0;1;589;365
0;0;0;1;591;364
0;0;0;1;594;362
0;0;0;1;597;360
0;0;0;1;600;358
0;0;0;1;603;357
0;0;0;1;607;355
0;0;0;1;610;354
0;0;0;1;614;352
0;0;0;1;619;351
0;0;0;1;623;349
0;0;0;1;628;348
0;0;0;1;633;347
0;0;0;1;638;345
0;0;0;1;643;344
0;0;0;1;649;343
0;0;0;1;656;342
0;0;0;1;661;341
0;0;0;1;669;340
0;0;0;1;675;339
0;0;0;1;690;338
0;0;0;1;696;337
0;0;0;1;712;336
0;0;0;1;720;335
0;0;0;1;736;334
0;0;0;1;762;333
0;0;0;1;872;334
0;0;0;1;898;335
0;0;0;1;916;336
0;0;0;1;940;337
0;0;0;1;954;338
0;0;0;1;969;339
0;0;0;1;982;340
0;0;0;1;990;341
0;0;0;1;1007;342
0;0;0;1;1018;343
0;0;0;1;1027;344
0;0;0;1;1034;345
0;0;0;1;1040;346
0;0;0;1;1046;347
0;0;0;1;1049;348
0;0;0;1;1051;349
0;0;0;1;1048;351
0;0;0;1;1045;352
0;0;0;1;1042;353
0;0;0;1;1037;354
0;0;0;1;1031;355
0;0;0;1;1024;356
0;0;0;1;1016;357
0;0;0;1;1006;358
0;0;0;1;996;359
0;0;0;1;989;360
0;0;0;1;970;361
0;0;0;1;955;362
0;0;0;1;939;363
0;0;0;1;932;364
0;0;0;1;915;365
0;0;0;1;907;366
0;0;0;1;890;367
0;0;0;1;881;368
0;0;0;1;865;369
0;0;0;1;855;370
0;0;0;1;847;371
0;0;0;1;829;372
0;0;0;1;821;373
0;0;0;1;811;374
0;0;0;1;803;375
0;0;0;1;785;376
0;0;0;1;777;377
0;0;0;1;767;378
0;0;0;1;759;379
0;0;0;1;749;380
0;0;0;1;741;381
0;0;0;1;731;382
0;0;0;1;723;383
0;0;0;1;714;384
0;0;0;1;704;385
0;0;0;1;696;386
0;0;0;1;686;388
0;0;0;1;678;389
0;0;0;1;668;390
0;0;0;1;660;391
0;0;0;1;652;393
0;0;0;1;643;394
0;0;0;1;635;396
0;0;0;1;626;398
0;0;0;1;619;399
0;0;0;1;610;401
0;0;0;1;603;403
0;0;0;1;596;404
0;0;0;1;588;406
0;0;0;1;582;408
0;0;0;1;576;410
0;0;0;1;569;412
0;0;0;1;563;414
0;0;0;1;557;416
0;0;0;1;552;418
0;0;0;1;547;420
0;0;0;1;542;423
0;0;0;1;538;425
0;0;0;1;533;428
0;0;0;1;530;430
0;0;0;1;526;433
0;0;0;1;523;435
0;0;0;1;521;438
0;0;0;1;518;440
0;0;0;1;516;443
0;0;0;1;514;446
0;0;0;1;512;448
0;0;0;1;511;451
0;0;0;1;510;453
0;0;0;1;509;456
0;0;0;1;508;459
0;0;0;1;507;463
0;0;0;1;508;479
0;0;0;1;509;481
0;0;0;1;510;484
0;0;0;1;511;487
0;0;0;1;513;490
0;0;0;1;515;493
0;0;0;1;517;496
0;0;0;1;519;498
0;0;0;1;522;502
0;0;0;1;524;505
0;0;0;1;527;507
0;0;0;1;531;511
0;0;0;1;534;513
0;0;0;1;538;517
0;0;0;1;541;520
0;0;0;1;545;523
0;0;0;1;550;526
0;0;0;1;554;529
0;0;0;1;560;532
0;0;0;1;564;535
0;0;0;1;569;538
0;0;0;1;575;541
0;0;0;1;580;544
0;0;0;1;587;547
0;0;0;1;592;550
0;0;0;1;598;553
0;0;0;1;605;556
0;0;0;1;611;559
0;0;0;1;618;562
0;0;0;1;624;565
0;0;0;1;632;568
0;0;0;1;638;571
0;0;0;1;644;573
0;0;0;1;653;577
0;0;0;1;659;579
0;0;0;1;668;583
0;0;0;1;674;585
0;0;0;1;681;588
0;0;0;1;690;591
0;0;0;1;697;593
0;0;0;1;706;597
0;0;0;1;713;599
0;0;0;1;722;602
0;0;0;1;729;605
0;0;0;1;736;607
0;0;0;1;745;610
0;0;0;1;753;613
0;0;0;1;762;616
0;0;0;1;770;618
0;0;0;1;779;621
0;0;0;1;787;623
0;0;0;1;794;625
0;0;0;1;804;628
0;0;0;1;811;630
0;0;0;1;821;633
0;0;0;1;829;635
0;0;0;1;836;637
0;0;0;1;846;639
0;0;0;1;853;641
0;0;0;1;861;643
0;0;0;1;870;645
0;0;0;1;878;646
0;0;0;1;887;648
0;0;0;1;894;650
0;0;0;1;903;651
0;0;0;1;910;653
0;0;0;1;917;654
0;0;0;1;926;656
0;0;0;1;942;658
0;0;0;1;958;659
0;0;0;1;964;660
0;0;0;1;979;661
0;0;0;1;992;662
0;0;0;1;1048;661
0;0;0;1;1057;660
0;0;0;1;1060;659
0;0;0;1;1067;658
0;0;0;1;1070;657
0;0;0;1;1073;655
0;0;0;1;1075;654
0;0;0;1;1078;653
0;0;0;1;1080;652
0;0;0;1;1082;651
0;0;0;1;1084;649
0;0;0;1;1085;648
0;0;0;1;1086;647
0;0;0;1;1087;645
0;0;0;1;1088;644
0;0;0;1;1089;642
0;0;0;1;1090;637
0;0;0;1;1089;625
0;0;0;1;1088;623
0;0;0;1;1087;621
0;0;0;1;1086;618
0;0;0;1;1085;616
0;0;0;1;1083;613
0;0;0;1;1082;611
0;0;0;1;1080;608
0;0;0;1;1078;605
0;0;0;1;1075;603
0;0;0;1;1073;600
0;0;0;1;1071;597
0;0;0;1;1067;594
0;0;0;1;1065;592
0;0;0;1;1062;589
0;0;0;1;1058;586
0;0;0;1;1055;583
0;0;0;1;1050;580
0;0;0;1;1047;577
0;0;0;1;1042;574
0;0;0;1;1038;571
0;0;0;1;1034;568
0;0;0;1;1029;565
0;0;0;1;1025;562
0;0;0;1;1020;559
0;0;0;1;1014;556
0;0;0;1;1009;553
0;0;0;1;1003;550
0;0;0;1;998;547
0;0;0;1;991;543
0;0;0;1;985;541
0;0;0;1;979;538
0;0;0;1;972;535
0;0;0;1;966;532
0;0;0;1;959;529
0;0;0;1;953;526
0;0;0;1;945;523
0;0;0;1;938;520
0;0;0;1;932;517
0;0;0;1;924;514
0;0;0;1;917;511
0;0;0;1;909;508
0;0;0;1;903;505
0;0;0;1;895;502
0;0;0;1;888;500
0;0;0;1;881;498
0;0;0;1;873;495
0;0;0;1;866;492
0;0;0;1;859;489
0;0;0;1;850;486
0;0;0;1;843;484
0;0;0;1;834;481
0;0;0;1;828;479
0;0;0;1;821;477
0;0;0;1;812;475
0;0;0;1;805;472
0;0;0;1;797;470
0;0;0;1;790;468
0;0;0;1;782;466
0;0;0;1;775;464
0;0;0;1;769;463
0;0;0;1;761;461
0;0;0;1;755;459
0;0;0;1;747;457
0;0;0;1;741;456
0;0;0;1;734;454
0;0;0;1;728;453
0;0;0;1;723;452
0;0;0;1;716;451
0;0;0;1;711;450
0;0;0;1;705;449
0;0;0;1;700;448
0;0;0;1;694;447
0;0;0;1;685;446
0;0;0;1;679;445
0;0;0;1;671;444
0;0;0;1;663;443
0;0;0;1;656;442
0;0;0;1;624;443
0;0;0;1;623;445
0;0;0;1;624;453
0;0;0;1;625;456
0;0;0;1;626;457
0;0;0;1;627;460
0;0;0;1;628;461
0;0;0;1;629;463
0;0;0;1;630;464
0;0;0;1;631;465
0;0;0;1;632;467
0;0;0;1;633;469
0;0;0;1;635;471
0;0;0;1;636;472
0;0;0;1;638;474
0;0;0;1;639;476
0;0;0;1;641;477
0;0;0;1;643;479
0;0;0;1;644;481
0;0;0;1;647;483
0;0;0;1;648;485
0;0;0;1;650;487
0;0;0;1;652;489
0;0;0;1;654;491
0;0;0;1;656;493
0;0;0;1;658;495
0;0;0;1;661;497
0;0;0;1;663;499
0;0;0;1;665;501
0;0;0;1;667;503
0;0;0;1;670;505
0;0;0;1;673;507
0;0;0;1;675;509
0;0;0;1;677;511
0;0;0;1;680;513
0;0;0;1;683;515
0;0;0;1;686;518
0;0;0;1;688;520
0;0;0;1;691;522
0;0;0;1;694;524
0;0;0;1;697;526
0;0;0;1;700;529
0;0;0;1;703;531
0;0;0;1;707;534
0;0;0;1;710;536
0;0;0;1;713;538
0;0;0;1;716;541
0;0;0;1;719;543
0;0;0;1;723;545
0;0;0;1;725;547
0;0;0;1;728;549
0;0;0;1;732;552
0;0;0;1;735;554
0;0;0;1;739;557
0;0;0;1;742;558
0;0;0;1;746;561
0;0;0;1;749;563
0;0;0;1;753;566
0;0;0;1;756;568
0;0;0;1;759;570
0;0;0;1;762;573
0;0;0;1;766;575
0;0;0;1;769;577
0;0;0;1;773;579
0;0;0;1;776;581
0;0;0;1;780;583
0;0;0;1;783;585
0;0;0;1;786;587
0;0;0;1;789;590
0;0;0;1;792;592
0;0;0;1;796;594
0;0;0;1;799;596
0;0;0;1;803;598
0;0;0;1;806;600
0;0;0;1;809;602
0;0;0;1;812;604
0;0;0;1;815;606
0;0;0;1;818;608
0;0;0;1;821;610
0;0;0;1;825;612
0;0;0;1;827;613
0;0;0;1;829;615
0;0;0;1;833;617
0;0;0;1;835;618
0;0;0;1;838;620
0;0;0;1;840;621
0;0;0;1;843;623
0;0;0;1;845;625
0;0;0;1;847;626
0;0;0;1;850;628
0;0;0;1;851;629
0;0;0;1;853;630
0;0;0;1;856;631
0;0;0;1;858;633
0;0;0;1;860;634
0;0;0;1;861;635
0;0;0;1;863;636
0;0;0;1;865;637
0;0;0;1;866;638
0;0;0;1;868;639
0;0;0;1;869;640
0;0;0;1;870;641
0;0;0;1;872;642
0;0;0;1;873;643
0;0;0;1;875;644
0;0;0;1;876;645
0;0;0;1;877;646
0;0;0;1;865;644
0;0;0;1;847;646
0;0;0;1;844;648
0;0;0;1;835;657
0;0;0;1;834;658
0;0;0;1;833;660
0;0;0;1;832;662
0;0;0;1;830;667
0;0;0;1;828;672
0;0;0;1;827;674
0;0;0;1;826;678
0;0;0;1;825;681
0;0;0;1;824;683
0;0;0;1;823;685
0;0;0;1;821;691
0;0;0;1;820;693
0;0;0;1;819;697
0;0;0;1;818;699
0;0;0;1;817;702
0;0;0;1;816;703
0;0;0;1;815;706
0;0;0;1;814;709
0;0;0;1;813;710
0;0;0;1;812;713
0;0;0;1;811;715
0;0;0;1;810;716
0;0;0;1;809;719
0;0;0;1;808;721
0;0;0;1;807;723
0;0;0;1;806;726
0;0;0;1;805;727
0;0;0;1;804;729
0;0;0;1;803;732
0;0;0;1;802;734
0;0;0;1;801;735
0;0;0;1;800;736
0;0;0;1;799;738
0;0;0;1;798;740
0;0;0;1;797;741
0;0;0;1;796;744
0;0;0;1;795;746
0;0;0;1;794;748
0;0;0;1;793;749
0;0;0;1;792;751
0;0;0;1;791;752
0;0;0;1;790;755
0;0;0;1;789;757
0;0;0;1;788;760
0;0;0;1;787;761
0;0;0;1;786;763
0;0;0;1;785;764
0;0;0;1;784;767
0;0;0;1;783;768
0;0;0;1;782;771
0;0;0;1;781;773
0;0;0;1;780;775
0;0;0;1;779;778
0;0;0;1;778;780
0;0;0;1;777;783
0;0;0;1;776;785
0;0;0;1;775;787
0;0;0;1;903;697
0;0;0;1;902;696
0;0;0;1;900;695
0;0;0;1;898;694
0;0;0;1;895;693
0;0;0;1;893;692
0;0;0;1;891;691
0;0;0;1;888;690
0;0;0;1;885;689
0;0;0;1;881;688
0;0;0;1;877;687
0;0;0;1;873;686
0;0;0;1;869;685
0;0;0;1;864;684
0;0;0;1;860;683
0;0;0;1;855;682
0;0;0;1;850;681
0;0;0;1;842;680
0;0;0;1;835;679
0;0;0;1;826;678
0;0;0;1;813;677
0;0;0;1;769;678
0;0;0;1;761;679
0;0;0;1;756;680
0;0;0;1;754;681
0;0;0;1;749;682
0;0;0;1;745;683
0;0;0;1;742;684
0;0;0;1;738;685
0;0;0;1;736;686
0;0;0;1;733;687
0;0;0;1;731;688
0;0;0;1;729;689
0;0;0;1;727;690
0;0;0;1;725;691
0;0;0;1;723;692
0;0;0;1;721;693
0;0;0;1;719;694
0;0;0;1;717;695
0;0;0;1;715;697
0;0;0;1;713;698
0;0;0;1;711;700
0;0;0;1;710;701
0;0;0;1;708;702
0;0;0;1;706;703
0;0;0;1;704;705
0;0;0;1;702;706
0;0;0;1;701;708
0;0;0;1;699;710
0;0;0;1;698;711
0;0;0;1;696;713
0;0;0;1;695;714
0;0;0;1;693;716
0;0;0;1;692;718
0;0;0;1;691;719
0;0;0;1;689;721
0;0;0;1;688;723
0;0;0;1;686;725
0;0;0;1;685;726
0;0;0;1;684;728
0;0;0;1;683;730
0;0;0;1;682;732
0;0;0;1;681;734
0;0;0;1;679;738
0;0;0;1;678;741
0;0;0;1;677;743
0;0;0;1;676;745
0;0;0;1;675;749
0;0;0;1;674;753
0;0;0;1;673;759
0;0;0;1;672;768
0;0;0;1;673;788
0;0;0;1;674;795
0;0;0;1;675;797
0;0;0;1;676;801
0;0;0;1;677;803
0;0;0;1;678;808
0;0;0;1;679;810
0;0;0;1;680;812
0;0;0;1;681;815
0;0;0;1;682;817
0;0;0;1;683;818
0;0;0;1;685;821
0;0;0;1;686;822
0;0;0;1;688;825
0;0;0;1;689;826
0;0;0;1;690;829
0;0;0;1;692;830
0;0;0;1;693;832
0;0;0;1;695;834
0;0;0;1;697;836
0;0;0;1;699;838
0;0;0;1;700;839
0;0;0;1;702;841
0;0;0;1;704;843
0;0;0;1;706;844
0;0;0;1;708;846
0;0;0;1;710;848
0;0;0;1;712;849
0;0;0;1;715;851
0;0;0;1;717;852
0;0;0;1;720;854
0;0;0;1;721;855
0;0;0;1;724;857
0;0;0;1;726;858
0;0;0;1;729;859
0;0;0;1;731;860
0;0;0;1;734;861
0;0;0;1;736;863
0;0;0;1;739;864
0;0;0;1;741;865
0;0;0;1;744;866
0;0;0;1;746;867
0;0;0;1;749;868
0;0;0;1;751;869
0;0;0;1;754;870
0;0;0;1;757;871
0;0;0;1;762;872
0;0;0;1;765;873
0;0;0;1;770;874
0;0;0;1;772;875
0;0;0;1;778;876
0;0;0;1;783;877
0;0;0;1;786;878
0;0;0;1;794;879
0;0;0;1;804;880
0;0;0;1;817;881
0;0;0;1;870;880
0;0;0;1;878;879
0;0;0;1;884;878
0;0;0;1;888;877
0;0;0;1;891;876
0;0;0;1;894;875
0;0;0;1;896;874
0;0;0;1;897;873
0;0;0;1;901;871
0;0;0;1;905;866
0;0;0;1;909;853
0;0;0;1;910;831
0;0;0;1;911;822
0;0;0;1;910;807
0;0;0;1;909;811
0;0;0;1;911;816
0;0;0;1;930;838
0;0;0;1;932;840
0;0;0;1;939;845
0;0;0;1;952;852
0;0;0;1;960;854
0;0;0;1;1020;854
0;0;0;1;1041;843
0;0;0;1;1127;752
0;0;0;1;1123;753
0;0;0;1;1119;755
0;0;0;1;1104;794
0;0;0;1;1112;799
0;0;0;1;1152;817
0;0;0;1;1157;807
0;0;0;1;1169;773
0;0;0;1;1178;756
0;0;0;1;1181;818
0;0;0;1;1185;813
0;0;0;1;1186;812
0;0;0;1;1191;806
0;0;0;1;1192;805
0;0;0;1;1197;800
0;0;0;1;1200;796
0;0;0;1;1201;795
0;0;0;1;1204;791
0;0;0;1;1206;788
0;0;0;1;1208;785
0;0;0;1;1220;770
0;0;0;1;1228;782
0;0;0;1;1229;790
0;0;0;1;1230;797
0;0;0;1;1231;802
0;0;0;1;1232;806
0;0;0;1;1198;796
0;0;0;1;1297;777
0;0;0;1;1280;778
0;0;0;1;1276;779
0;0;0;1;1254;786
0;0;0;1;1244;818
0;0;0;1;1245;820
0;0;0;1;1247;823
0;0;0;1;1248;824
0;0;0;1;1256;829
0;0;0;1;1265;831
0;0;0;1;1293;828
0;0;0;1;1301;825
0;0;0;1;1305;823
0;0;0;1;1313;796
0;0;0;1;1308;787
0;0;0;1;1303;783
0;0;0;1;1301;782
0;0;0;1;1297;780
0;0;0;1;1295;779
0;0;0;1;1091;931
0;0;0;1;1126;931
0;0;0;1;1129;917
0;0;0;1;1131;907
0;0;0;1;1132;901
0;0;0;1;1134;886
0;0;0;1;1135;878
0;0;0;1;1136;873
0;0;0;1;1150;851
0;0;0;1;1152;853
0;0;0;1;1154;856
0;0;0;1;1156;860
0;0;0;1;1156;880
0;0;0;1;1155;884
0;0;0;1;1151;889
0;0;0;1;1145;896
0;0;0;1;1147;898
0;0;0;1;1149;900
0;0;0;1;1182;929
0;0;0;1;1185;911
0;0;0;1;1189;875
0;0;0;1;1194;865
0;0;0;1;1195;864
0;0;0;1;1218;865
0;0;0;1;1220;867
0;0;0;1;1224;886
0;0;0;1;1215;891
0;0;0;1;1189;907
0;0;0;1;1190;909
0;0;0;1;1192;912
0;0;0;1;1195;916
0;0;0;1;1199;921
0;0;0;1;1200;922
0;0;0;1;1209;931
0;0;0;1;1210;932
0;0;0;1;1211;933
0;0;0;1;1214;935
0;0;0;1;1215;936
0;0;0;1;1217;938
0;0;0;1;1221;941
0;0;0;1;1224;944
0;0;0;1;1246;937
0;0;0;1;1249;909
0;0;0;1;1250;906
0;0;0;1;1251;903
0;0;0;1;1252;900
0;0;0;1;1253;898
0;0;0;1;1254;896
0;0;0;1;1255;893
0;0;0;1;1256;891
0;0;0;1;1259;885
0;0;0;1;1260;884
0;0;0;1;1261;882
0;0;0;1;1264;878
0;0;0;1;1265;877
0;0;0;1;1268;873
0;0;0;1;1269;872
0;0;0;1;1271;869
0;0;0;1;1273;867
0;0;0;1;1279;883
0;0;0;1;1281;890
0;0;0;1;1283;896
0;0;0;1;1286;904
0;0;0;1;1288;909
0;0;0;1;1294;924
0;0;0;1;1252;906
0;0;0;1;1288;900
0;0;0;1;1066;1030
0;0;0;1;1099;957
0;0;0;1;1097;968
0;0;0;1;1096;975
0;0;0;1;1094;986
0;0;0;1;1091;1023
0;0;0;1;1098;1024
0;0;0;1;1184;1024
0;0;0;1;1186;1020
0;0;0;1;1190;1003
0;0;0;1;1193;987
0;0;0;1;1194;981
0;0;0;1;1195;974
0;0;0;1;1196;967
0;0;0;1;1198;952
0;0;0;1;1199;944
0;0;0;1;1201;946
0;0;0;1;1203;958
0;0;0;1;1205;968
0;0;0;1;1206;972
0;0;0;1;1211;985
0;0;0;1;1216;997
0;0;0;1;1233;983
0;0;0;1;1242;953
0;0;0;1;1247;1002
0;0;0;1;1254;987
0;0;0;1;1255;966
0;0;0;1;1254;981
0;0;0;1;1249;1013
0;0;0;1;1318;1019
0;0;0;1;1313;1013
0;0;0;1;1314;990
0;0;0;1;1322;968
0;0;0;1;1326;964
0;0;0;1;1340;960
0;0;0;1;1344;966
0;0;0;1;1320;986
0;0;0;1;1323;1002
0;0;0;1;1325;1005
0;0;0;1;1327;1008
0;0;0;1;1377;980
0;0;0;1;1367;982
0;0;0;1;1365;983
0;0;0;1;1365;1017
0;0;0;1;1366;1018
0;0;0;1;1402;1005
0;0;0;1;1401;989
0;0;0;1;1398;983
0;0;0;1;1397;982
0;0;0;1;1396;981
0;0;0;1;1388;977
0;0;0;1;1249;1045
0;0;0;1;1210;1037
0;0;0;1;1196;1034
0;0;0;1;1186;1032
0;0;0;1;1143;1025
0;0;0;1;1135;1024
0;0;0;1;1084;1018
0;0;0;1;1078;1017
0;0;0;1;1069;1015
0;0;0;1;1028;992
0;0;0;1;1026;987
0;0;0;1;1025;981
0;0;0;1;1030;931
0;0;0;1;1032;927
0;0;0;1;1033;925
0;0;0;1;1035;921
0;0;0;1;1036;919
0;0;0;1;1038;916
0;0;0;1;1039;913
0;0;0;1;1041;910
0;0;0;1;1047;899
0;0;0;1;1048;897
0;0;0;1;1049;895
0;0;0;1;1053;889
0;0;0;1;1055;886
0;0;0;1;1064;874
0;0;0;1;1071;867
0;0;0;1;1072;866
0;0;0;1;1080;860
0;0;0;1;1083;858
0;0;0;1;1087;855
0;0;0;1;1094;851
0;0;0;1;1099;848
0;0;0;1;1101;847
0;0;0;1;1105;845
0;0;0;1;1109;843
0;0;0;1;1124;837
0;0;0;1;1133;834
0;0;0;1;1154;829
0;0;0;1;1163;830
0;0;0;1;1168;834
0;0;0;1;1172;840
0;0;0;1;1173;841
0;0;0;1;1176;846
0;0;0;1;1178;849
0;0;0;1;1179;851
0;0;0;1;1196;853
0;0;0;1;1205;851
0;0;0;1;1210;850
0;0;0;1;1215;849
0;0;0;1;1220;848
0;0;0;1;1226;847
0;0;0;1;1250;843
0;0;0;1;1327;843
0;0;0;1;1336;844
0;0;0;1;1353;846
0;0;0;1;1360;847
0;0;0;1;1366;848
0;0;0;1;1388;853
0;0;0;1;1396;856
0;0;0;1;1399;857
0;0;0;1;1404;859
0;0;0;1;1417;865
0;0;0;1;1420;866
0;0;0;1;1422;867
0;0;0;1;1424;868
0;0;0;1;1426;869
0;0;0;1;1428;870
0;0;0;1;1432;872
0;0;0;1;1434;873
0;0;0;1;1436;874
0;0;0;1;1443;878
0;0;0;1;1452;884
0;0;0;1;1453;885
0;0;0;1;1457;888
0;0;0;1;1458;889
0;0;0;1;1459;890
0;0;0;1;1460;891
0;0;0;1;1462;893
0;0;0;1;1467;898
0;0;0;1;1468;899
0;0;0;1;1475;909
0;0;0;1;1476;911
0;0;0;1;1474;961
0;0;0;1;1469;968
0;0;0;1;1467;971
0;0;0;1;1466;972
0;0;0;1;1464;975
0;0;0;1;1461;979
0;0;0;1;1460;980
0;0;0;1;1459;982
0;0;0;1;1443;998
0;0;0;1;1441;1000
0;0;0;1;1438;1003
0;0;0;1;1435;1005
0;0;0;1;1434;1006
0;0;0;1;1427;1011
0;0;0;1;1424;1013
0;0;0;1;1418;1017
0;0;0;1;1414;1020
0;0;0;1;1409;1023
0;0;0;1;1406;1025
0;0;0;1;1404;1026
0;0;0;1;1394;1031
0;0;0;1;1384;1034
0;0;0;1;1374;1036
0;0;0;1;1351;1040
0;0;0;1;1340;1042
0;0;0;1;1332;1043
0;0;0;1;1268;1044
0;0;0;1;1553;415
0;0;0;1;1551;426
0;0;0;1;1548;432
0;0;0;1;1546;436
0;0;0;1;1545;438
0;0;0;1;1542;442
0;0;0;1;1541;444
0;0;0;1;1526;468
0;0;0;1;1521;477
0;0;0;1;1520;479
0;0;0;1;1506;497
0;0;0;1;1500;504
0;0;0;1;1496;508
0;0;0;1;1479;526
0;0;0;1;1473;532
0;0;0;1;1472;533
0;0;0;1;1487;496
0;0;0;1;1492;485
0;0;0;1;1510;448
0;0;0;1;1521;429
0;0;0;1;1525;439
0;0;0;1;1528;446
0;0;0;1;1533;459
0;0;0;1;1534;461
0;0;0;1;1542;482
0;0;0;1;1545;489
0;0;0;1;1546;491
0;0;0;1;1553;511
0;0;0;1;1555;520
0;0;0;1;1551;517
0;0;0;1;1547;514
0;0;0;1;1543;511
0;0;0;1;1538;507
0;0;0;1;1534;504
0;0;0;1;1528;499
0;0;0;1;1506;487
0;0;0;1;1502;485
0;0;0;1;1500;484
0;0;0;1;1475;472
0;0;0;1;1487;462
0;0;0;1;1550;441
0;0;0;1;1561;435
0;0;0;1;1600;620
0;0;0;1;1597;628
0;0;0;1;1595;632
0;0;0;1;1593;636
0;0;0;1;1592;637
0;0;0;1;1587;649
0;0;0;1;1583;658
0;0;0;1;1582;660
0;0;0;1;1581;662
0;0;0;1;1571;683
0;0;0;1;1556;715
0;0;0;1;1572;709
0;0;0;1;1575;707
0;0;0;1;1587;698
0;0;0;1;1591;695
0;0;0;1;1616;676
0;0;0;1;1595;664
0;0;0;1;1530;662
0;0;0;1;1533;664
0;0;0;1;1560;680
0;0;0;1;1564;682
0;0;0;1;1567;684
0;0;0;1;1569;685
0;0;0;1;1582;693
0;0;0;1;1617;702
0;0;0;1;1615;674
0;0;0;1;1614;671
0;0;0;1;1613;667
0;0;0;1;1610;654
0;0;0;1;1609;649
0;0;0;1;1606;628
0;0;0;1;1606;644
0;0;0;1;1611;662
0;0;0;1;1628;705
0;0;0;1;1636;716
0;0;0;1;1634;715
0;0;0;1;1632;714
0;0;0;1;1624;711
0;0;0;1;1621;710
0;0;0;1;1609;708
0;0;0;1;1577;700
0;0;0;1;1576;699
0;0;0;1;1570;692
0;0;0;1;1566;688
0;0;0;1;1560;678
0;0;0;1;1551;668
0;0;0;1;1547;665
0;0;0;1;1541;660
0;0;0;1;597;267
0;0;0;1;591;266
0;0;0;1;583;265
0;0;0;1;555;266
0;0;0;1;544;267
0;0;0;1;537;268
0;0;0;1;530;269
0;0;0;1;525;270
0;0;0;1;517;271
0;0;0;1;513;272
0;0;0;1;508;273
0;0;0;1;504;274
0;0;0;1;500;275
0;0;0;1;495;276
0;0;0;1;491;277
0;0;0;1;486;278
0;0;0;1;482;279
0;0;0;1;478;281
0;0;0;1;472;282
0;0;0;1;468;284
0;0;0;1;463;286
0;0;0;1;459;287
0;0;0;1;454;288
0;0;0;1;449;290
0;0;0;1;445;292
0;0;0;1;439;294
0;0;0;1;435;296
0;0;0;1;430;298
0;0;0;1;426;300
0;0;0;1;422;302
0;0;0;1;417;304
0;0;0;1;413;306
0;0;0;1;408;309
0;0;0;1;404;311
0;0;0;1;400;313
0;0;0;1;396;316
0;0;0;1;392;318
0;0;0;1;388;320
0;0;0;1;385;323
0;0;0;1;381;326
0;0;0;1;378;328
0;0;0;1;375;331
0;0;0;1;371;334
0;0;0;1;369;336
0;0;0;1;366;339
0;0;0;1;364;342
0;0;0;1;362;344
0;0;0;1;360;348
0;0;0;1;358;350
0;0;0;1;356;353
0;0;0;1;355;356
0;0;0;1;354;359
0;0;0;1;353;362
0;0;0;1;352;368
0;0;0;1;353;381
0;0;0;1;354;384
0;0;0;1;355;387
0;0;0;1;356;390
0;0;0;1;357;393
0;0;0;1;360;397
0;0;0;1;362;400
0;0;0;1;364;402
0;0;0;1;367;406
0;0;0;1;370;409
0;0;0;1;373;412
0;0;0;1;376;415
0;0;0;1;380;418
0;0;0;1;384;422
0;0;0;1;388;424
0;0;0;1;394;428
0;0;0;1;398;431
0;0;0;1;402;434
0;0;0;1;408;437
0;0;0;1;414;440
0;0;0;1;420;443
0;0;0;1;426;445
0;0;0;1;434;449
0;0;0;1;440;451
0;0;0;1;446;454
0;0;0;1;455;457
0;0;0;1;462;459
0;0;0;1;471;462
0;0;0;1;478;464
0;0;0;1;488;466
0;0;0;1;496;468
0;0;0;1;503;469
0;0;0;1;514;472
0;0;0;1;522;473
0;0;0;1;531;475
0;0;0;1;541;476
0;0;0;1;551;477
0;0;0;1;562;478
0;0;0;1;571;479
0;0;0;1;583;480
0;0;0;1;592;481
0;0;0;1;613;482
0;0;0;1;634;483
0;0;0;1;710;482
0;0;0;1;719;481
0;0;0;1;741;480
0;0;0;1;750;479
0;0;0;1;762;478
0;0;0;1;771;477
0;0;0;1;782;476
0;0;0;1;791;475
0;0;0;1;800;473
0;0;0;1;811;472
0;0;0;1;819;470
0;0;0;1;829;468
0;0;0;1;837;466
0;0;0;1;847;464
0;0;0;1;854;462
0;0;0;1;861;459
0;0;0;1;870;457
0;0;0;1;877;455
0;0;0;1;884;452
0;0;0;1;890;449
0;0;0;1;896;447
0;0;0;1;903;444
0;0;0;1;908;441
0;0;0;1;913;438
0;0;0;1;918;435
0;0;0;1;922;432
0;0;0;1;926;428
0;0;0;1;930;425
0;0;0;1;933;421
0;0;0;1;935;418
0;0;0;1;938;414
0;0;0;1;940;411
0;0;0;1;941;408
0;0;0;1;942;404
0;0;0;1;943;401
0;0;0;1;942;386
0;0;0;1;941;383
0;0;0;1;939;378
0;0;0;1;937;375
0;0;0;1;935;372
0;0;0;1;932;368
0;0;0;1;929;365
0;0;0;1;925;361
0;0;0;1;922;357
0;0;0;1;917;354
0;0;0;1;914;351
0;0;0;1;909;348
0;0;0;1;904;344
0;0;0;1;899;341
0;0;0;1;892;337
0;0;0;1;887;334
0;0;0;1;882;331
0;0;0;1;874;328
0;0;0;1;868;325
0;0;0;1;860;322
0;0;0;1;853;320
0;0;0;1;845;317
0;0;0;1;838;315
0;0;0;1;830;313
0;0;0;1;821;311
0;0;0;1;813;309
0;0;0;1;804;307
0;0;0;1;796;305
0;0;0;1;788;304
0;0;0;1;778;302
0;0;0;1;769;301
0;0;0;1;759;300
0;0;0;1;750;299
0;0;0;1;739;298
0;0;0;1;721;297
0;0;0;1;701;296
0;0;0;1;652;297
0;0;0;1;631;298
0;0;0;1;622;299
0;0;0;1;612;300
0;0;0;1;603;301
0;0;0;1;593;302
0;0;0;1;585;303
0;0;0;1;574;305
0;0;0;1;566;307
0;0;0;1;559;308
0;0;0;1;550;311
0;0;0;1;543;312
0;0;0;1;534;315
0;0;0;1;528;317
0;0;0;1;520;320
0;0;0;1;514;322
0;0;0;1;508;324
0;0;0;1;502;327
0;0;0;1;497;329
0;0;0;1;492;332
0;0;0;1;487;335
0;0;0;1;484;337
0;0;0;1;479;341
0;0;0;1;476;343
0;0;0;1;473;346
0;0;0;1;471;349
0;0;0;1;469;352
0;0;0;1;467;355
0;0;0;1;465;358
0;0;0;1;464;362
0;0;0;1;463;365
0;0;0;1;464;381
0;0;0;1;466;385
0;0;0;1;467;388
0;0;0;1;470;392
0;0;0;1;472;395
0;0;0;1;475;398
0;0;0;1;478;402
0;0;0;1;481;405
0;0;0;1;485;409
0;0;0;1;489;413
0;0;0;1;493;416
0;0;0;1;499;420
0;0;0;1;503;423
0;0;0;1;510;426
0;0;0;1;515;429
0;0;0;1;520;432
0;0;0;1;528;436
0;0;0;1;534;438
0;0;0;1;542;442
0;0;0;1;549;445
0;0;0;1;558;448
0;0;0;1;565;451
0;0;0;1;572;453
0;0;0;1;582;457
0;0;0;1;590;459
0;0;0;1;601;462
0;0;0;1;610;464
0;0;0;1;618;466
0;0;0;1;630;469
0;0;0;1;639;470
0;0;0;1;650;473
0;0;0;1;660;474
0;0;0;1;672;477
0;0;0;1;682;478
0;0;0;1;692;479
0;0;0;1;705;481
0;0;0;1;715;482
0;0;0;1;728;484
0;0;0;1;739;485
0;0;0;1;749;486
0;0;0;1;762;487
0;0;0;1;773;488
0;0;0;1;786;489
0;0;0;1;797;490
0;0;0;1;820;491
0;0;0;1;908;490
0;0;0;1;919;489
0;0;0;1;940;488
0;0;0;1;948;487
0;0;0;1;957;486
0;0;0;1;967;484
0;0;0;1;975;483
0;0;0;1;984;482
0;0;0;1;991;481
0;0;0;1;998;479
0;0;0;1;1006;477
0;0;0;1;1012;476
0;0;0;1;1019;474
0;0;0;1;1025;472
0;0;0;1;1031;470
0;0;0;1;1035;468
0;0;0;1;1039;466
0;0;0;1;1044;464
0;0;0;1;1047;462
0;0;0;1;1050;460
0;0;0;1;1053;458
0;0;0;1;1055;456
0;0;0;1;1057;453
0;0;0;1;1058;451
0;0;0;1;1059;449
0;0;0;1;1057;438
0;0;0;1;1056;436
0;0;0;1;1053;434
0;0;0;1;1051;432
0;0;0;1;1049;430
0;0;0;1;1045;427
0;0;0;1;1042;425
0;0;0;1;1038;423
0;0;0;1;1034;421
0;0;0;1;1028;419
0;0;0;1;1024;417
0;0;0;1;1019;415
0;0;0;1;1013;412
0;0;0;1;1007;411
0;0;0;1;1000;408
0;0;0;1;993;407
0;0;0;1;987;405
0;0;0;1;978;403
0;0;0;1;971;402
0;0;0;1;962;400
0;0;0;1;954;399
0;0;0;1;946;398
0;0;0;1;936;397
0;0;0;1;927;396
0;0;0;1;915;395
0;0;0;1;906;394
0;0;0;1;895;393
0;0;0;1;885;392
0;0;0;1;852;391
0;0;0;1;746;392
0;0;0;1;722;393
0;0;0;1;711;394
0;0;0;1;698;395
0;0;0;1;687;396
0;0;0;1;677;397
0;0;0;1;664;399
0;0;0;1;653;400
0;0;0;1;641;402
0;0;0;1;631;403
0;0;0;1;618;406
0;0;0;1;609;407
0;0;0;1;600;409
0;0;0;1;589;411
0;0;0;1;580;413
0;0;0;1;569;415
0;0;0;1;561;417
0;0;0;1;552;420
0;0;0;1;545;422
0;0;0;1;538;424
0;0;0;1;530;426
0;0;0;1;524;429
0;0;0;1;516;431
0;0;0;1;511;434
0;0;0;1;506;436
0;0;0;1;501;439
0;0;0;1;497;441
0;0;0;1;493;443
0;0;0;1;489;446
0;0;0;1;487;448
0;0;0;1;484;451
0;0;0;1;482;453
0;0;0;1;481;456
0;0;0;1;480;458
0;0;0;1;479;460
0;0;0;1;481;471
0;0;0;1;482;474
0;0;0;1;484;476
0;0;0;1;487;478
0;0;0;1;489;480
0;0;0;1;493;482
0;0;0;1;500;487
0;0;0;1;563;505
0;0;0;1;570;506
0;0;0;1;579;507
0;0;0;1;587;508
0;0;0;1;596;509
0;0;0;1;614;510
0;0;0;1;641;511
0;0;0;1;733;510
0;0;0;1;742;509
0;0;0;1;752;508
0;0;0;1;764;507
0;0;0;1;773;506
0;0;0;1;785;505
0;0;0;1;794;504
0;0;0;1;803;503
0;0;0;1;815;501
0;0;0;1;835;498
0;0;0;1;844;497
0;0;0;1;853;495
0;0;0;1;863;493
0;0;0;1;872;491
0;0;0;1;882;489
0;0;0;1;890;487
0;0;0;1;899;485
0;0;0;1;906;483
0;0;0;1;914;481
0;0;0;1;922;479
0;0;0;1;929;477
0;0;0;1;936;475
0;0;0;1;942;473
0;0;0;1;949;471
0;0;0;1;954;469
0;0;0;1;959;467
0;0;0;1;964;465
0;0;0;1;968;463
0;0;0;1;972;461
0;0;0;1;976;459
0;0;0;1;979;457
0;0;0;1;982;455
0;0;0;1;984;454
0;0;0;1;986;452
0;0;0;1;987;450
0;0;0;1;988;449
0;0;0;1;989;447
0;0;0;1;988;442
0;0;0;1;987;441
0;0;0;1;985;440
0;0;0;1;983;439
0;0;0;1;981;438
0;0;0;1;978;437
0;0;0;1;975;436
0;0;0;1;973;435
0;0;0;1;969;434
0;0;0;1;965;432
0;0;0;1;961;431
0;0;0;1;951;430
0;0;0;1;946;429
0;0;0;1;935;428
0;0;0;1;860;429
0;0;0;1;842;430
0;0;0;1;833;431
0;0;0;1;823;432
0;0;0;1;805;433
0;0;0;1;794;435
0;0;0;1;785;436
0;0;0;1;774;437
0;0;0;1;764;439
0;0;0;1;753;440
0;0;0;1;744;442
0;0;0;1;735;443
0;0;0;1;723;445
0;0;0;1;714;446
0;0;0;1;705;448
0;0;0;1;694;450
0;0;0;1;685;452
0;0;0;1;674;455
0;0;0;1;666;457
0;0;0;1;655;459
0;0;0;1;647;461
0;0;0;1;639;463
0;0;0;1;630;465
0;0;0;1;622;468
0;0;0;1;613;470
0;0;0;1;607;473
0;0;0;1;599;476
0;0;0;1;593;478
0;0;0;1;587;480
0;0;0;1;580;483
0;0;0;1;575;485
0;0;0;1;569;488
0;0;0;1;565;491
0;0;0;1;560;493
0;0;0;1;557;496
0;0;0;1;554;498
0;0;0;1;551;500
0;0;0;1;548;502
0;0;0;1;547;505
0;0;0;1;545;507
0;0;0;1;544;509
0;0;0;1;543;512
0;0;0;1;544;519
0;0;0;1;545;521
0;0;0;1;546;523
0;0;0;1;549;525
0;0;0;1;550;527
0;0;0;1;553;529
0;0;0;1;556;531
0;0;0;1;559;533
0;0;0;1;563;535
0;0;0;1;567;536
0;0;0;1;572;538
0;0;0;1;576;540
0;0;0;1;582;542
0;0;0;1;587;543
0;0;0;1;593;544
0;0;0;1;600;546
0;0;0;1;606;547
0;0;0;1;614;548
0;0;0;1;620;549
0;0;0;1;627;550
0;0;0;1;644;551
0;0;0;1;662;552
0;0;0;1;681;553
0;0;0;1;763;552
0;0;0;1;776;551
0;0;0;1;786;550
0;0;0;1;808;549
0;0;0;1;818;548
0;0;0;1;830;547
0;0;0;1;840;546
0;0;0;1;852;544
0;0;0;1;862;543
0;0;0;1;872;542
0;0;0;1;884;540
0;0;0;1;893;539
0;0;0;1;902;538
0;0;0;1;914;537
0;0;0;1;923;535
0;0;0;1;934;533
0;0;0;1;942;532
0;0;0;1;951;530
0;0;0;1;961;529
0;0;0;1;968;527
0;0;0;1;978;525
0;0;0;1;985;524
0;0;0;1;993;522
0;0;0;1;1000;520
0;0;0;1;1008;519
0;0;0;1;1014;517
0;0;0;1;1019;516
0;0;0;1;1026;514
0;0;0;1;1030;513
0;0;0;1;1036;512
0;0;0;1;1040;511
0;0;0;1;1044;510
0;0;0;1;1048;508
0;0;0;1;1050;507
0;0;0;1;1054;506
0;0;0;1;1058;505
0;0;0;1;1059;504
0;0;0;1;1060;503
0;0;0;1;1055;500
0;0;0;1;1013;501
0;0;0;1;1002;502
0;0;0;1;997;503
0;0;0;1;990;504
0;0;0;1;984;505
0;0;0;1;978;506
0;0;0;1;970;507
0;0;0;1;964;508
0;0;0;1;956;510
0;0;0;1;949;511
0;0;0;1;941;513
0;0;0;1;934;514
0;0;0;1;927;515
0;0;0;1;918;517
0;0;0;1;911;518
0;0;0;1;903;520
0;0;0;1;895;522
0;0;0;1;887;524
0;0;0;1;878;526
0;0;0;1;871;528
0;0;0;1;864;529
0;0;0;1;855;532
0;0;0;1;849;533
0;0;0;1;840;535
0;0;0;1;833;537
0;0;0;1;825;539
0;0;0;1;818;541
0;0;0;1;812;543
0;0;0;1;804;545
0;0;0;1;798;547
0;0;0;1;790;549
0;0;0;1;784;551
0;0;0;1;776;553
0;0;0;1;770;555
0;0;0;1;764;557
0;0;0;1;757;559
0;0;0;1;752;561
0;0;0;1;745;563
0;0;0;1;740;564
0;0;0;1;735;566
0;0;0;1;729;568
0;0;0;1;725;570
0;0;0;1;719;572
0;0;0;1;715;573
0;0;0;1;711;575
0;0;0;1;707;577
0;0;0;1;704;579
0;0;0;1;700;581
0;0;0;1;698;582
0;0;0;1;695;584
0;0;0;1;694;585
0;0;0;1;692;586
0;0;0;1;691;588
0;0;0;1;690;589
0;0;0;1;691;596
0;0;0;1;692;597
0;0;0;1;694;598
0;0;0;1;696;600
0;0;0;1;698;601
0;0;0;1;700;602
0;0;0;1;703;603
0;0;0;1;706;605
0;0;0;1;710;606
0;0;0;1;713;607
0;0;0;1;718;609
0;0;0;1;722;610
0;0;0;1;727;612
0;0;0;1;731;613
0;0;0;1;736;614
0;0;0;1;743;616
0;0;0;1;749;617
0;0;0;1;756;618
0;0;0;1;762;620
0;0;0;1;770;621
0;0;0;1;777;622
0;0;0;1;786;624
0;0;0;1;794;625
0;0;0;1;802;627
0;0;0;1;812;628
0;0;0;1;821;630
0;0;0;1;832;631
0;0;0;1;842;633
0;0;0;1;851;634
0;0;0;1;863;636
0;0;0;1;873;637
0;0;0;1;886;639
0;0;0;1;896;640
0;0;0;1;909;642
0;0;0;1;920;643
0;0;0;1;931;645
0;0;0;1;945;646
0;0;0;1;956;648
0;0;0;1;968;649
0;0;0;1;982;651
0;0;0;1;994;652
0;0;0;1;1008;654
0;0;0;1;1020;655
0;0;0;1;1034;657
0;0;0;1;1046;658
0;0;0;1;1057;660
0;0;0;1;1071;661
0;0;0;1;1083;663
0;0;0;1;1097;665
0;0;0;1;1108;666
0;0;0;1;1122;668
0;0;0;1;1132;669
0;0;0;1;1143;671
0;0;0;1;1156;673
0;0;0;1;1166;675
0;0;0;1;1179;677
0;0;0;1;1188;678
0;0;0;1;1200;680
0;0;0;1;1209;682
0;0;0;1;1218;684
0;0;0;1;1229;686
0;0;0;1;1238;688
0;0;0;1;1246;690
0;0;0;1;1256;692
0;0;0;1;1264;694
0;0;0;1;1273;696
0;0;0;1;1280;697
0;0;0;1;1288;700
0;0;0;1;1294;701
0;0;0;1;1301;703
0;0;0;1;1308;705
0;0;0;1;1313;707
0;0;0;1;1319;709
0;0;0;1;1324;711
0;0;0;1;1328;713
0;0;0;1;1332;715
0;0;0;1;1336;716
0;0;0;1;1339;718
0;0;0;1;1342;720
0;0;0;1;1344;721
0;0;0;1;1346;723
0;0;0;1;1347;724
0;0;0;1;1348;725
0;0;0;1;1346;730
0;0;0;1;1345;731
0;0;0;1;1343;732
0;0;0;1;1340;733
0;0;0;1;1337;734
0;0;0;1;1331;735
0;0;0;1;1327;736
0;0;0;1;1320;737
0;0;0;1;1315;738
0;0;0;1;1304;739
0;0;0;1;1291;740
0;0;0;1;1271;741
0;0;0;1;1246;742
0;0;0;1;1155;741
0;0;0;1;1121;740
0;0;0;1;1098;739
0;0;0;1;1074;738
0;0;0;1;1050;737
0;0;0;1;1040;736
0;0;0;1;1029;735
0;0;0;1;1005;734
0;0;0;1;992;733
0;0;0;1;982;732
0;0;0;1;958;730
0;0;0;1;935;729
0;0;0;1;924;728
0;0;0;1;911;727
0;0;0;1;901;726
0;0;0;1;891;725
0;0;0;1;878;724
0;0;0;1;868;723
0;0;0;1;856;721
0;0;0;1;846;720
0;0;0;1;834;719
0;0;0;1;824;718
0;0;0;1;815;717
0;0;0;1;804;715
0;0;0;1;795;714
0;0;0;1;785;713
0;0;0;1;777;712
0;0;0;1;769;711
0;0;0;1;760;710
0;0;0;1;753;709
0;0;0;1;745;708
0;0;0;1;739;707
0;0;0;1;732;706
0;0;0;1;727;705
0;0;0;1;718;704
0;0;0;1;714;703
0;0;0;1;710;702
0;0;0;1;708;701
0;0;0;1;704;700
0;0;0;1;703;699
0;0;0;1;704;697
0;0;0;1;710;696
0;0;0;1;717;695
0;0;0;1;733;694
0;0;0;1;748;693
0;0;0;1;790;692
0;0;0;1;846;691
0;0;0;1;878;690
0;0;0;1;912;689
0;0;0;1;950;688
0;0;0;1;976;687
0;0;0;1;1014;686
0;0;0;1;1067;685
0;0;0;1;1090;684
0;0;0;1;1126;683
0;0;0;1;1151;682
0;0;0;1;1174;681
0;0;0;1;1196;680
0;0;0;1;1216;679
0;0;0;1;1225;678
0;0;0;1;1243;677
0;0;0;1;1260;676
0;0;0;1;1274;675
0;0;0;1;1287;674
0;0;0;1;1296;673
0;0;0;1;1304;672
0;0;0;1;1310;671
0;0;0;1;1314;670
0;0;0;1;1310;668
0;0;0;1;1302;667
0;0;0;1;1299;666
0;0;0;1;1295;665
0;0;0;1;1286;664
0;0;0;1;1282;663
0;0;0;1;1270;662
0;0;0;1;1257;661
0;0;0;1;1251;660
0;0;0;1;1242;659
0;0;0;1;1227;658
0;0;0;1;1210;657
0;0;0;1;1191;656
0;0;0;1;1182;655
0;0;0;1;1161;654
0;0;0;1;1149;653
0;0;0;1;1107;652
0;0;0;1;1094;651
0;0;0;1;1061;650
0;0;0;1;1037;649
0;0;0;1;1013;648
0;0;0;1;993;647
0;0;0;1;958;646
0;0;0;1;940;645
0;0;0;1;920;644
0;0;0;1;902;643
0;0;0;1;893;642
0;0;0;1;885;641
0;0;0;1;877;640
0;0;0;1;865;639
0;0;0;1;859;638
0;0;0;1;854;637
0;0;0;1;850;636
0;0;0;1;845;635
0;0;0;1;841;634
0;0;0;1;837;633
0;0;0;1;835;632
0;0;0;1;832;631
0;0;0;1;830;630
0;0;0;1;828;629
0;0;0;1;827;628
0;0;0;1;826;626
0;0;0;1;825;625
0;0;0;1;826;619
0;0;0;1;827;618
0;0;0;1;828;616
0;0;0;1;830;614
0;0;0;1;831;612
0;0;0;1;834;610
0;0;0;1;836;608
0;0;0;1;839;605
0;0;0;1;842;603
0;0;0;1;845;600
0;0;0;1;850;598
0;0;0;1;854;595
0;0;0;1;859;592
0;0;0;1;863;589
0;0;0;1;869;586
0;0;0;1;874;584
0;0;0;1;879;581
